Sydney PenHls
 20000420 11 20  90 1022
 20000421 12 19 100 1032
 20000422 13 21  80 1042
 20000423 10 18  90 1022
 20000424 14 22 100 1032
 20000425 12 20  80 1042
 20000426 12 20  80 1042
Sydney Prmata
 20000420 11 20  90 1022
 20000421 12 19 100 1032
 20000422 13 21  80 1042
 20000423 10 18  90 1022
 20000424 14 22 100 1032
 20000425 12 20  80 1042
 20000426 12 20  80 1042
Melbourne Burwd 
 20000420 11 20  90 1022
 20000421 12 19 100 1032
 20000422 13 21  80 1042
 20000423 10 18  90 1022
 20000424 14 22 100 1032
 20000425 12 20  80 1042
Melbourne Crlnfd
 20000420 11 20  90 1022
 20000421 12 19 100 1032
 20000422 13 21  80 1042
 20000423 10 18  90 1022
 20000424 14 22 100 1032
 20000425 12 20  80 1042
Adelaide Port
 20000420 11 20  90 1022
 20000421 12 19 100 1032
 20000422 13 21  80 1042
 20000423 10 18  90 1022
 20000424 14 22 100 1032
 20000425 12 10  80 1042
 20000425 12 10  80 1042
Adelaide Cutlr
 20000420 11 20  90 1022
 20000421 12 19 100 1032
 20000422 13 21  80 1042
 20000423 10 18  90 1022
 20000424 14 22 100 1032
 20000425 12 30  80 1042
 20000425 12 30  80 1042
