CS 101 "James S. Crook"
    10 80
    10 80
    10 80
    10 80
    10 80
    25 80
    25 80
CS 101 "Alfred E. Newman"
    10 80
    10 80
    10 80
    10 80
    10 80
    25 90
    25 90
EE 55 "James S. Crook"
    10 80
    10 80
    10 80
    10 80
    10 80
    25 90
    25 90
EE 55 "Alfred E. Newman"
    10 80
    10 80
    10 80
    10 80
    10 80
    25 90
    25 90
EE 55 "Richard M. Nixon"
    10 80
    10 80
    10 80
    10 80
    10 80
    25 90
    25 90
EE 55 "Spiro T. Agnew"
    10 20
    10 20
    10 20
    10 20
    10 20
    25 20
    25 20
EE 55 "Frederick Q. Bloggs"
    10 100
    10 100
    10 100
    10 100
    10 100
    25 100
    25 100
